[PAD]
[UNK]
[MASK]
[CLS]
[SEP]
[SOS]
[EOS]
1010
106039
110682
11158
115
1192
127
128
1284
1302
130969
14458
1450
148
153
154
155
15675
158
16234
16242
16244
1735
174
179281
1894
1927
2006
20514
2110
215
2170
2215
24887
249
2499
25140
2525
270024
2807
29463
296
315967
3168
3277
3414
3498
3660
3735
3902
3912
3976
4008
4090
41704
436
454
4605
46899
47626
495
52069
52077
52100
52199
52327
54
54770
56
5910
5971
604
6300
63020
63073
645
6571
66
67
6718
6951
69750
69751
69758
715
7268
7410
745
8014
836
857
8639
880
889
89929
94
9590
963
97
997