[PAD]
[UNK]
[MASK]
[CLS]
[SEP]
[SOS]
[EOS]
1010
1013
1034
10544
106039
1072
110682
110914
11158
1125
1128
115
119
1192
119455
11962
1258
126915
127
128
1284
129
1302
130969
13202
135
13539
14458
1450
1477
1478
148
15117
153
154
155
15526
15675
158
16234
16242
16244
17
1735
174
1762
179281
18290
18387
18928
1894
1927
195918
2006
20104
20383
20514
2110
215
216
2170
2215
22811
23410
23592
24887
249
2499
25140
2525
2574
2576
26100
270024
270782
272
277
2807
2819
29463
296
296142
3140
314818
315967
3168
3173
3178
320
3271
3277
3414
3488
3498
3501
3549
3587
3644
3657
3660
3671
3735
3759
3902
3912
3976
4008
40264
4090
412
41539
41704
4269
43084
436
454
4605
465
46899
4696
47626
48309
495
5013
50543
5077
5191
52069
52077
52100
52199
52327
5268
5310
5344
54
546
54770
56
5639
58460
5910
5919
5969
597
5971
604
6059
6210
624
6300
63020
63073
634
6407
645
6460
6571
66
666
67
6718
6828
69
692
6951
69750
69751
69758
69770
707
715
7268
73
737
7410
745
7697
7739
79882
8014
81874
836
85
857
8639
873
880
889
89929
909
913
9132
939
94
95
9590
963
97
997